1 3 5 7 9 11 13 15 17 19 21 23 25 27 29 31 34 36 38 40
1 3 5 7 9 12 13 15 17 19 21 23 25 27 29 31 34 36 38 40
1 3 5 7 9 12 13 16 17 19 21 23 25 27 29 31 34 36 38 40
1 3 5 7 9 11 13 15 17 20 21 23 25 27 29 31 34 36 38 40
1 3 5 7 9 11 13 15 17 19 21 23 25 27 29 31 34 36 38 40
1 3 5 7 9 11 13 15 17 19 21 23 25 27 29 31 34 36 38 40
1 3 5 7 9 11 13 15 17 20 21 23 25 27 29 31 34 36 38 40
1 3 5 7 9 12 13 15 17 19 21 24 25 27 29 31 34 36 38 40
1 3 5 7 9 11 13 15 17 19 21 24 25 27 29 31 34 36 38 40
1 3 5 7 9 11 13 16 17 19 21 24 25 27 29 31 34 36 38 40
1 3 5 7 9 12 13 16 17 19 21 24 25 27 29 31 34 36 38 40
1 3 5 7 9 11 13 15 17 20 21 24 25 27 29 31 34 36 38 40
1 3 5 7 9 11 13 15 17 20 21 24 25 27 29 31 34 36 38 40
1 3 5 7 9 11 13 15 17 20 21 24 25 27 29 31 34 36 38 40
1 3 5 7 9 12 13 15 17 20 21 24 25 27 29 31 34 36 38 40
1 3 5 7 9 12 13 15 17 19 21 24 25 27 29 31 34 36 38 40
1 3 5 7 9 11 13 15 17 19 21 24 25 27 29 31 34 36 38 40
1 3 5 7 9 12 13 16 17 19 21 24 25 27 29 31 34 36 38 40
1 3 5 7 9 11 13 15 17 20 21 24 25 27 29 31 34 36 38 40
1 3 5 7 9 11 13 15 17 20 21 24 25 27 29 31 34 36 38 40
1 3 5 7 9 11 13 15 17 20 21 24 25 27 29 31 34 36 38 40
1 3 5 7 9 12 13 15 17 20 21 24 25 27 29 31 34 36 38 40
1 3 5 7 9 11 13 15 17 19 21 24 25 27 29 32 34 36 38 40
1 3 5 7 9 11 13 15 17 19 21 24 25 27 29 32 34 36 38 40
1 3 5 7 9 11 13 15 17 19 21 24 25 27 29 32 34 36 38 40
1 3 5 7 9 11 13 16 17 19 21 24 25 27 29 32 34 36 38 40
1 3 5 7 9 12 13 16 17 19 21 24 25 27 29 32 34 36 38 40
1 3 5 7 9 11 13 15 17 20 21 24 25 27 29 32 34 36 38 40
1 3 5 7 9 11 13 15 17 19 21 24 25 27 29 32 34 36 38 40
1 3 5 7 9 11 13 15 17 19 21 24 25 27 29 32 34 36 38 40
1 3 5 7 9 11 13 15 17 19 21 24 25 27 29 32 34 36 38 40
1 3 5 7 9 11 13 15 17 20 21 24 25 27 29 32 34 36 38 40
1 3 5 7 9 11 13 15 17 19 21 24 25 27 29 32 34 36 38 40
1 3 5 7 9 11 13 15 17 19 21 24 25 27 29 32 34 36 38 40
1 3 5 7 9 11 13 16 17 19 21 24 25 27 29 32 34 36 38 40
1 3 5 7 9 12 13 16 17 19 21 24 25 27 29 32 34 36 38 40
1 3 5 7 9 12 13 16 17 19 21 24 25 27 29 32 34 36 38 40
1 3 5 7 9 11 13 15 17 20 21 24 25 27 29 32 34 36 38 40
1 3 5 7 9 11 13 15 17 19 21 24 25 27 29 32 34 36 38 40
1 3 5 7 9 11 13 15 17 20 21 24 25 27 29 32 34 36 38 40
1 4 5 7 9 11 13 15 17 19 21 24 25 27 29 31 34 36 38 40
1 4 5 7 9 11 13 15 17 19 21 24 25 27 29 31 34 36 38 40
1 4 5 7 9 11 13 15 17 19 21 24 25 27 29 31 34 36 38 40
1 4 5 7 9 11 13 15 17 19 21 24 25 27 29 31 34 36 38 40
1 4 5 7 9 12 13 16 17 19 21 24 25 27 29 31 34 36 38 40
1 4 5 7 9 11 13 15 17 19 21 24 25 27 29 31 34 36 38 40
1 4 5 7 9 11 13 15 17 19 21 24 25 27 29 31 34 36 38 40
1 4 5 7 9 11 13 15 17 19 21 24 25 27 29 31 34 36 38 40
1 4 5 7 9 11 13 15 17 19 21 24 25 27 29 31 34 36 38 40
1 4 5 7 9 11 13 15 17 19 21 24 25 27 29 33 34 36 38 40
1 4 5 7 9 11 13 15 17 19 21 24 25 27 29 32 34 36 38 40
1 4 5 7 9 11 13 16 17 19 21 24 25 27 29 33 34 36 38 40
1 4 5 7 9 11 13 15 17 19 21 24 25 27 29 32 34 36 38 40
1 4 5 7 9 11 13 15 17 19 21 24 25 27 29 32 34 36 38 40
1 4 5 7 9 11 13 16 17 19 21 24 25 27 29 32 34 36 38 40
1 4 5 7 9 11 13 15 17 19 21 24 25 27 29 33 34 36 38 40
1 4 5 7 9 11 13 15 17 19 21 24 25 27 29 32 34 36 38 40
1 4 5 7 9 11 13 15 17 19 21 24 25 27 29 33 34 36 38 40
1 3 5 7 9 11 13 15 17 19 21 23 25 27 29 31 34 36 39 40
1 3 5 7 9 11 13 15 17 19 21 23 25 27 29 31 34 36 39 40
1 3 5 7 9 12 13 15 17 19 21 23 25 27 29 31 34 36 39 40
1 3 5 7 9 12 13 16 17 19 21 23 25 27 29 31 34 36 39 40
1 3 5 7 9 12 13 16 17 19 21 23 25 27 29 31 34 36 39 40
1 3 5 7 9 11 13 15 17 19 21 23 25 27 29 31 34 36 39 40
1 3 5 7 9 11 13 15 17 19 21 23 25 27 29 31 34 36 39 40
1 3 5 7 9 12 13 15 17 19 21 23 25 27 29 31 34 36 39 40
1 3 5 7 9 11 13 15 17 19 21 23 25 27 29 31 34 36 39 40
1 3 5 7 9 12 13 16 17 19 21 23 25 27 29 31 34 36 39 40
1 3 5 7 9 12 13 16 17 19 21 23 25 27 29 31 34 36 39 40
1 3 5 7 9 11 13 15 17 19 21 23 25 27 29 31 34 36 39 40
1 3 5 7 9 11 13 15 17 19 21 24 25 27 29 31 34 36 39 40
1 3 5 7 9 11 13 15 17 19 21 24 25 27 29 31 34 36 39 40
1 3 5 7 9 12 13 15 17 19 21 24 25 27 29 31 34 36 39 40
1 3 5 7 10 12 13 15 17 19 21 24 25 27 29 31 34 36 39 4
1 3 5 7 9 12 13 16 17 19 21 24 25 27 29 31 34 36 39 40
1 3 5 7 9 11 13 15 17 19 21 24 25 27 29 31 34 36 39 40
1 3 5 7 9 12 13 15 17 19 21 24 25 27 29 31 34 36 39 40
1 3 5 7 9 11 13 15 17 19 21 24 25 27 29 31 34 36 39 40
1 3 5 7 9 12 13 16 17 19 21 24 25 27 29 31 34 36 39 40
1 3 5 7 9 11 13 15 17 19 21 24 25 27 29 31 34 36 39 40
1 3 5 7 9 11 13 15 17 19 21 24 25 27 29 31 34 36 39 40
1 3 5 7 9 11 13 15 17 19 21 24 25 27 29 31 34 36 39 40
1 3 5 7 9 11 13 15 17 19 21 24 25 27 29 31 34 36 39 40
1 3 5 7 9 11 13 15 17 19 21 24 25 27 29 32 34 36 39 40
1 3 5 7 9 11 13 15 17 19 21 24 25 27 29 32 34 36 39 40
1 3 5 7 9 11 13 15 17 19 21 24 25 27 29 32 34 36 39 40
1 3 5 7 9 12 13 16 17 19 21 24 25 27 29 32 34 36 39 40
1 3 5 7 9 12 13 16 17 19 21 24 25 27 29 32 34 36 39 40
1 3 5 7 9 11 13 15 17 19 21 24 25 27 29 32 34 36 39 40
1 3 5 7 9 11 13 15 17 19 21 24 25 27 29 32 34 36 39 40
1 3 5 7 9 12 13 16 17 19 21 24 25 27 29 32 34 36 39 40
1 3 5 7 9 11 13 15 17 20 21 24 25 27 29 32 34 36 39 40
1 3 5 7 9 11 13 16 17 20 21 24 25 27 29 32 34 36 39 40
1 3 5 7 9 11 13 15 17 19 21 24 25 27 29 32 34 36 39 40
1 3 5 7 9 11 13 15 17 19 21 24 25 27 29 32 34 36 39 40
1 3 5 7 9 11 13 16 17 19 21 24 25 27 29 32 34 36 39 40
1 3 5 7 9 12 13 16 17 19 21 24 25 27 29 32 34 36 39 40
1 3 5 7 9 11 13 15 17 20 21 24 25 27 29 32 34 36 39 40
1 3 5 7 9 11 13 15 17 19 21 24 25 27 29 32 34 36 39 40
1 3 5 7 9 12 13 16 18 20 21 23 25 27 29 31 34 36 38 40
1 3 5 7 9 12 13 16 18 20 21 23 25 27 29 31 34 36 38 40
1 3 5 7 9 11 13 16 18 20 21 24 25 27 29 31 34 36 38 40
1 3 5 7 9 12 13 16 18 20 21 24 25 27 29 31 34 36 38 40
1 3 5 7 9 11 13 16 18 20 21 24 25 27 29 31 34 36 38 40
1 3 5 7 9 12 13 16 18 20 21 24 25 27 29 31 34 36 38 40
1 3 5 7 9 11 13 16 18 20 21 24 25 27 29 32 34 36 38 40
1 3 5 7 9 11 13 16 18 20 21 24 25 27 29 32 34 36 38 40
1 3 5 7 9 12 13 16 18 20 21 24 25 27 29 32 34 36 38 40
1 3 5 7 9 11 13 16 18 20 21 24 25 27 29 32 34 36 38 40
1 3 5 7 9 11 13 16 18 20 21 24 25 27 29 32 34 36 38 40
1 3 5 7 9 12 13 16 18 20 21 23 25 27 29 31 34 36 39 40
1 3 5 7 9 12 13 16 18 20 21 23 25 27 29 31 34 36 39 40
1 3 5 7 9 11 13 16 18 20 21 24 25 27 29 31 34 36 39 40
1 3 5 7 9 12 13 16 18 20 21 24 25 27 29 31 34 36 39 40
1 3 5 7 9 11 13 16 18 20 21 24 25 27 29 32 34 36 39 40
1 3 5 7 9 11 14 15 17 19 21 23 25 27 29 31 34 36 38 40
1 3 5 7 9 11 14 15 17 19 21 23 25 27 29 31 34 36 38 40
1 3 5 7 10 11 14 15 17 19 21 23 25 27 29 31 34 36 38 4
1 3 5 7 9 12 14 15 17 19 21 23 25 27 29 31 34 36 38 40
1 3 5 7 10 12 14 15 17 19 21 23 25 27 29 31 34 36 38 4
1 3 5 7 10 12 14 15 17 19 21 23 25 27 29 31 34 36 38 4
1 3 5 7 9 11 14 16 17 19 21 23 25 27 29 31 34 36 38 40
1 3 5 7 9 12 14 16 17 19 21 23 25 27 29 31 34 36 38 40
1 3 5 7 9 12 14 16 17 19 21 23 25 27 29 31 34 36 38 40
1 3 5 7 9 11 14 15 17 19 21 23 25 27 29 31 34 36 38 40
1 3 5 7 9 11 14 15 17 20 21 23 25 27 29 31 34 36 38 40
1 3 5 7 9 12 14 16 17 20 21 23 25 27 29 31 34 36 38 40
1 3 5 7 9 11 14 15 17 19 21 23 25 27 29 31 34 36 38 40
1 3 5 7 9 11 14 15 17 19 21 23 25 27 29 31 34 36 38 40
1 3 5 8 9 11 14 15 17 19 21 23 25 27 29 31 34 36 38 40
1 3 5 7 10 11 14 15 17 19 21 23 25 27 29 31 34 36 38 4
1 3 5 8 9 12 14 16 17 19 21 23 25 27 29 31 34 36 38 40
1 3 5 7 9 11 14 15 17 19 21 23 25 27 29 31 34 36 38 40
1 3 5 7 9 11 14 15 17 20 21 23 25 27 29 31 34 36 38 40
1 3 5 7 9 11 14 15 17 19 21 24 25 27 29 31 34 36 38 40
1 3 5 7 9 11 14 15 17 19 21 24 25 27 29 31 34 36 38 40
1 3 5 7 10 11 14 15 17 19 21 24 25 27 29 31 34 36 38 4
1 3 5 7 10 11 14 15 17 19 21 24 25 27 29 31 34 36 38 4
1 3 5 7 9 11 14 16 17 19 21 24 25 27 29 31 34 36 38 40
1 3 5 7 9 12 14 16 17 19 21 24 25 27 29 31 34 36 38 40
1 3 5 7 9 12 14 16 17 19 21 24 25 27 29 31 34 36 38 40
1 3 5 7 9 11 14 16 17 19 21 24 25 27 29 31 34 36 38 40
1 3 5 7 9 11 14 15 17 20 21 24 25 27 29 31 34 36 38 40
1 3 5 7 9 11 14 15 17 20 21 24 25 27 29 31 34 36 38 40
1 3 5 7 9 11 14 15 17 20 21 24 25 27 29 31 34 36 38 40
1 3 5 7 9 11 14 16 17 20 21 24 25 27 29 31 34 36 38 40
1 3 5 7 9 12 14 16 17 20 21 24 25 27 29 31 34 36 38 40
1 3 5 7 9 11 14 15 17 19 21 24 25 27 29 31 34 36 38 40
1 3 5 7 9 11 14 16 17 19 21 24 25 27 29 31 34 36 38 40
1 3 5 7 9 11 14 15 17 20 21 24 25 27 29 31 34 36 38 40
1 3 5 7 9 11 14 16 17 20 21 24 25 27 29 31 34 36 38 40
1 3 5 7 9 11 14 15 17 19 21 24 25 27 29 31 34 36 38 40
1 3 5 7 9 11 14 15 17 19 21 24 25 27 29 31 34 36 38 40
1 3 5 7 9 11 14 16 17 19 21 24 25 27 29 31 34 36 38 40
1 3 5 7 9 11 14 16 17 19 21 24 25 27 29 31 34 36 38 40
1 3 5 7 9 12 14 16 17 19 21 24 25 27 29 31 34 36 38 40
1 3 5 7 9 12 14 16 17 19 21 24 25 27 29 31 34 36 38 40
1 3 5 7 9 11 14 16 17 19 21 24 25 27 29 31 34 36 38 40
1 3 5 7 9 11 14 15 17 20 21 24 25 27 29 31 34 36 38 40
1 3 5 7 9 11 14 16 17 20 21 24 25 27 29 31 34 36 38 40
1 3 5 7 9 11 14 16 17 20 21 24 25 27 29 31 34 36 38 40
1 3 5 7 9 11 14 15 17 19 21 24 25 27 29 31 34 36 38 40
1 3 5 7 9 11 14 15 17 19 21 24 25 27 29 32 34 36 38 40
1 3 5 7 9 11 14 15 17 19 21 24 25 27 29 32 34 36 38 40
1 3 5 7 9 11 14 15 17 19 21 24 25 27 29 32 34 36 38 40
1 3 5 7 9 11 14 15 17 19 21 24 25 27 29 32 34 36 38 40
1 3 5 7 9 11 14 16 17 19 21 24 25 27 29 32 34 36 38 40
1 3 5 7 9 12 14 16 17 19 21 24 25 27 29 32 34 36 38 40
1 3 5 7 9 12 14 16 17 19 21 24 25 27 29 32 34 36 38 40
1 3 5 7 9 11 14 16 17 20 21 24 25 27 29 32 34 36 38 40
1 3 5 7 9 11 14 15 17 19 21 24 25 27 29 32 34 36 38 40
1 3 5 7 9 11 14 15 17 19 21 24 25 27 29 32 34 36 38 40
1 3 5 7 9 11 14 16 17 20 21 24 25 27 29 32 34 36 38 40
1 3 5 7 9 11 14 15 17 19 21 24 25 27 29 32 34 36 38 40
1 3 5 7 9 11 14 15 17 19 21 24 25 27 29 32 34 36 38 40
1 3 5 7 9 11 14 16 17 19 21 24 25 27 29 32 34 36 38 40
1 3 5 7 9 12 14 16 17 19 21 24 25 27 29 32 34 36 38 40
1 3 5 7 9 12 14 16 17 19 21 24 25 27 29 32 34 36 38 40
1 3 5 7 9 11 14 16 17 20 21 24 25 27 29 32 34 36 38 40
1 3 5 7 9 11 14 15 17 19 21 24 25 27 29 32 34 36 38 40
1 4 5 7 9 12 14 15 17 19 21 24 25 27 29 31 34 36 38 40
1 4 5 7 9 11 14 15 17 19 21 24 25 27 29 31 34 36 38 40
1 4 5 7 9 11 14 16 17 19 21 24 25 27 29 31 34 36 38 40
1 4 5 7 9 12 14 15 17 20 21 24 25 27 29 31 34 36 38 40
1 4 5 7 9 12 14 16 17 20 21 24 25 27 29 31 34 36 38 40
1 4 5 7 9 11 14 15 17 19 21 24 25 27 29 31 34 36 38 40
1 4 5 7 9 11 14 16 17 19 21 24 25 27 29 31 34 36 38 40
1 4 5 7 9 12 14 16 17 19 21 24 25 27 29 31 34 36 38 40
1 4 5 7 9 11 14 15 17 19 21 24 25 27 29 31 34 36 38 40
1 4 5 7 9 11 14 16 17 19 21 24 25 27 29 31 34 36 38 40
1 4 5 7 9 11 14 15 17 19 21 24 25 27 29 31 34 36 38 40
1 4 5 7 9 12 14 15 17 19 21 24 25 27 29 33 34 36 38 40
1 4 5 7 9 11 14 15 17 19 21 24 25 27 29 32 34 36 38 40
1 4 5 7 9 11 14 15 17 19 21 24 25 27 29 33 34 36 38 40
1 4 5 7 9 11 14 16 17 19 21 24 25 27 29 32 34 36 38 40
1 4 5 7 9 11 14 16 17 19 21 24 25 27 29 33 34 36 38 40
1 4 5 7 9 11 14 15 17 19 21 24 25 27 29 33 34 36 38 40
1 4 5 7 9 11 14 15 17 19 21 24 25 27 29 32 34 36 38 40
1 4 5 7 9 11 14 16 17 19 21 24 25 27 29 32 34 36 38 40
1 4 5 7 9 11 14 16 17 19 21 24 25 27 29 33 34 36 38 40